%YAML:1.0
---
K: !!opencv-matrix
   rows: 3
   cols: 3
   dt: d
   data: [ 1.5767717528159715e+03, 0., 7.9103627315761844e+02, 0.,
       1.7146011779548680e+03, 4.8416909500957331e+02, 0., 0., 1. ]
D: !!opencv-matrix
   rows: 1
   cols: 5
   dt: d
   data: [ -4.0563709482278792e-01, 1.7948185815735670e+01,
       2.0521730660180301e-02, -4.5844824116118106e-03,
       -1.4790507577577060e+02 ]
